Hessian
29.4622000000000	29.2460000000000
29.5282000000000	29.5213000000000
29.5358000000000	29.3042000000000
29.5199000000000	29.4657000000000
28.6327000000000	29.2460000000000

Gassian Fitting
30.0029000000000	29.0028000000000
29.0025000000000	29.0025000000000
30.0028000000000	29.0027000000000
30.0029000000000	29.0028000000000
28.0031000000000	27.0030000000000

SIFT
29.7212000000000	29.7138000000000
30.6587000000000	28.3123000000000
28.8013000000000	28.7450000000000
29.7279000000000	29.3593000000000
29.1559000000000	28.9289000000000

